0
["00 00 00 00 00  00 00 00 00 00"
 "00 0A 02 02 01  00 00 00 00 00"
 "00 00 00 00 01  00 00 00 00 00"
 "00 00 03 02 03  20 00 02 10 00"
 "00 00 01 00 01  00 00 00 00 00"
 "00 00 02 02 00  00 00 00 00 00"
 "00 00 00 00 00  00 00 00 00 00"
 "00 00 00 00 00  00 00 00 00 00"
 "00 00 00 00 00  00 00 00 00 00"
 "00 00 00 00 00  00 00 00 00 00"]
{:cmd :move-y :org [3 5] :dst 3}

0
["00 00 00 00 00  00 00 00 00 00"
 "00 0A 02 02 01  00 00 00 00 00"
 "00 00 00 00 01  00 00 00 00 00"
 "00 00 02 02 06  20 00 02 10 00"
 "00 00 00 00 00  00 00 00 00 00"
 "00 00 00 00 00  00 00 00 00 00"
 "00 00 00 00 00  00 00 00 00 00"
 "00 00 00 00 00  00 00 00 00 00"
 "00 00 00 00 00  00 00 00 00 00"
 "00 00 00 00 00  00 00 00 00 00"]
{:cmd :move-x :org [2 3] :dst 4}

0
["00 00 00 00 00  00 00 00 00 00"
 "00 0A 02 02 01  00 00 00 00 00"
 "00 00 00 00 01  00 00 00 00 00"
 "00 00 00 00 02  20 00 02 10 00"
 "00 00 00 00 00  00 00 00 00 00"
 "00 00 00 00 00  00 00 00 00 00"
 "00 00 00 00 00  00 00 00 00 00"
 "00 00 00 00 00  00 00 00 00 00"
 "00 00 00 00 00  00 00 00 00 00"
 "00 00 00 00 00  00 00 00 00 00"]
{:cmd :move-y :org [2 1] :dst 3}

0
["00 00 00 00 00  00 00 00 00 00"
 "00 09 00 00 00  00 00 00 00 00"
 "00 01 00 00 00  00 00 00 00 00"
 "00 02 02 02 02  20 00 02 10 00"
 "00 00 00 00 00  00 00 00 00 00"
 "00 00 00 00 00  00 00 00 00 00"
 "00 00 00 00 00  00 00 00 00 00"
 "00 00 00 00 00  00 00 00 00 00"
 "00 00 00 00 00  00 00 00 00 00"
 "00 00 00 00 00  00 00 00 00 00"]
{:cmd :move-y :org [1 1] :dst 3}

1
["00 00 00 00 00  00 00 00 00 00"
 "00 0A 02 02 01  00 00 00 00 00"
 "00 00 00 00 01  00 00 00 00 00"
 "00 00 03 02 03  20 00 02 10 00"
 "00 00 01 00 01  00 00 00 00 00"
 "00 00 01 00 01  00 00 00 00 00"
 "00 00 02 02 00  00 00 00 00 00"
 "00 00 00 00 00  00 00 00 00 00"
 "00 00 00 00 00  00 00 00 00 00"
 "00 00 00 00 00  00 00 00 00 00"]
{:cmd :move-y :org [3 6] :dst 3}

1
["00 00 00 00 00  00 00 00 00 00"
 "00 0A 02 02 01  00 00 00 00 00"
 "00 00 00 00 01  00 00 00 00 00"
 "00 00 02 02 06  20 00 02 10 00"
 "00 00 00 00 00  00 00 00 00 00"
 "00 00 00 00 00  00 00 00 00 00"
 "00 00 00 00 00  00 00 00 00 00"
 "00 00 00 00 00  00 00 00 00 00"
 "00 00 00 00 00  00 00 00 00 00"
 "00 00 00 00 00  00 00 00 00 00"]
{:cmd :move-x :org [2 3] :dst 4}

1
["00 00 00 00 00  00 00 00 00 00"
 "00 0A 02 02 01  00 00 00 00 00"
 "00 00 00 00 01  00 00 00 00 00"
 "00 00 00 00 02  20 00 02 10 00"
 "00 00 00 00 00  00 00 00 00 00"
 "00 00 00 00 00  00 00 00 00 00"
 "00 00 00 00 00  00 00 00 00 00"
 "00 00 00 00 00  00 00 00 00 00"
 "00 00 00 00 00  00 00 00 00 00"
 "00 00 00 00 00  00 00 00 00 00"]
{:cmd :move-y :org [2 1] :dst 3}

1
["00 00 00 00 00  00 00 00 00 00"
 "00 09 00 00 00  00 00 00 00 00"
 "00 01 00 00 00  00 00 00 00 00"
 "00 02 02 02 02  20 00 02 10 00"
 "00 00 00 00 00  00 00 00 00 00"
 "00 00 00 00 00  00 00 00 00 00"
 "00 00 00 00 00  00 00 00 00 00"
 "00 00 00 00 00  00 00 00 00 00"
 "00 00 00 00 00  00 00 00 00 00"
 "00 00 00 00 00  00 00 00 00 00"]
{:cmd :move-y :org [1 1] :dst 3}

2
["00 00 00 00 00  00 00 00 00 00"
 "00 0A 02 02 01  00 00 00 00 00"
 "00 00 00 00 01  00 00 00 00 00"
 "00 03 02 02 03  20 00 02 10 00"
 "00 01 00 00 01  00 00 00 00 00"
 "00 02 02 02 00  00 00 00 00 00"
 "00 00 00 00 00  00 00 00 00 00"
 "00 00 00 00 00  00 00 00 00 00"
 "00 00 00 00 00  00 00 00 00 00"
 "00 00 00 00 00  00 00 00 00 00"]
{:cmd :move-y :org [2 5] :dst 3}

2
["00 00 00 00 00  00 00 00 00 00"
 "00 0A 02 02 01  00 00 00 00 00"
 "00 00 00 00 01  00 00 00 00 00"
 "00 02 02 02 06  20 00 02 10 00"
 "00 00 00 00 00  00 00 00 00 00"
 "00 00 00 00 00  00 00 00 00 00"
 "00 00 00 00 00  00 00 00 00 00"
 "00 00 00 00 00  00 00 00 00 00"
 "00 00 00 00 00  00 00 00 00 00"
 "00 00 00 00 00  00 00 00 00 00"]
{:cmd :move-x :org [1 3] :dst 4}

2
["00 00 00 00 00  00 00 00 00 00"
 "00 0A 02 02 01  00 00 00 00 00"
 "00 00 00 00 01  00 00 00 00 00"
 "00 00 00 00 02  20 00 02 10 00"
 "00 00 00 00 00  00 00 00 00 00"
 "00 00 00 00 00  00 00 00 00 00"
 "00 00 00 00 00  00 00 00 00 00"
 "00 00 00 00 00  00 00 00 00 00"
 "00 00 00 00 00  00 00 00 00 00"
 "00 00 00 00 00  00 00 00 00 00"]
{:cmd :move-y :org [2 1] :dst 3}

2
["00 00 00 00 00  00 00 00 00 00"
 "00 09 00 00 00  00 00 00 00 00"
 "00 01 00 00 00  00 00 00 00 00"
 "00 02 02 02 02  20 00 02 10 00"
 "00 00 00 00 00  00 00 00 00 00"
 "00 00 00 00 00  00 00 00 00 00"
 "00 00 00 00 00  00 00 00 00 00"
 "00 00 00 00 00  00 00 00 00 00"
 "00 00 00 00 00  00 00 00 00 00"
 "00 00 00 00 00  00 00 00 00 00"]
{:cmd :move-y :org [1 1] :dst 3}

3
["00 00 00 00 00  00 00 00 00 00"
 "00 0A 02 02 01  00 00 00 00 00"
 "00 00 00 00 01  00 00 00 00 00"
 "00 03 02 02 03  20 00 02 10 00"
 "00 01 00 00 01  00 00 00 00 00"
 "00 01 00 00 01  00 00 00 00 00"
 "00 02 02 02 00  00 00 00 00 00"
 "00 00 00 00 00  00 00 00 00 00"
 "00 00 00 00 00  00 00 00 00 00"
 "00 00 00 00 00  00 00 00 00 00"]
{:cmd :move-y :org [2 6] :dst 3}

3
["00 00 00 00 00  00 00 00 00 00"
 "00 0A 02 02 01  00 00 00 00 00"
 "00 00 00 00 01  00 00 00 00 00"
 "00 02 02 02 06  20 00 02 10 00"
 "00 00 00 00 00  00 00 00 00 00"
 "00 00 00 00 00  00 00 00 00 00"
 "00 00 00 00 00  00 00 00 00 00"
 "00 00 00 00 00  00 00 00 00 00"
 "00 00 00 00 00  00 00 00 00 00"
 "00 00 00 00 00  00 00 00 00 00"]
{:cmd :move-x :org [1 3] :dst 4}

3
["00 00 00 00 00  00 00 00 00 00"
 "00 0A 02 02 01  00 00 00 00 00"
 "00 00 00 00 01  00 00 00 00 00"
 "00 00 00 00 02  20 00 02 10 00"
 "00 00 00 00 00  00 00 00 00 00"
 "00 00 00 00 00  00 00 00 00 00"
 "00 00 00 00 00  00 00 00 00 00"
 "00 00 00 00 00  00 00 00 00 00"
 "00 00 00 00 00  00 00 00 00 00"
 "00 00 00 00 00  00 00 00 00 00"]
{:cmd :move-y :org [2 1] :dst 3}

3
["00 00 00 00 00  00 00 00 00 00"
 "00 09 00 00 00  00 00 00 00 00"
 "00 01 00 00 00  00 00 00 00 00"
 "00 02 02 02 02  20 00 02 10 00"
 "00 00 00 00 00  00 00 00 00 00"
 "00 00 00 00 00  00 00 00 00 00"
 "00 00 00 00 00  00 00 00 00 00"
 "00 00 00 00 00  00 00 00 00 00"
 "00 00 00 00 00  00 00 00 00 00"
 "00 00 00 00 00  00 00 00 00 00"]
{:cmd :move-y :org [1 1] :dst 3}

4
["00 00 00 00 00  00 00 00 00 00"
 "00 0A 02 02 01  00 00 00 00 00"
 "00 00 00 00 01  00 00 00 00 00"
 "00 00 03 02 03  20 00 02 10 00"
 "00 00 01 00 01  00 00 00 00 00"
 "00 00 01 00 01  00 00 00 00 00"
 "00 00 01 00 01  00 00 00 00 00"
 "00 00 02 02 00  00 00 00 00 00"
 "00 00 00 00 00  00 00 00 00 00"
 "00 00 00 00 00  00 00 00 00 00"]
{:cmd :move-y :org [3 7] :dst 3}

4
["00 00 00 00 00  00 00 00 00 00"
 "00 0A 02 02 01  00 00 00 00 00"
 "00 00 00 00 01  00 00 00 00 00"
 "00 00 02 02 06  20 00 02 10 00"
 "00 00 00 00 00  00 00 00 00 00"
 "00 00 00 00 00  00 00 00 00 00"
 "00 00 00 00 00  00 00 00 00 00"
 "00 00 00 00 00  00 00 00 00 00"
 "00 00 00 00 00  00 00 00 00 00"
 "00 00 00 00 00  00 00 00 00 00"]
{:cmd :move-x :org [2 3] :dst 4}

4
["00 00 00 00 00  00 00 00 00 00"
 "00 0A 02 02 01  00 00 00 00 00"
 "00 00 00 00 01  00 00 00 00 00"
 "00 00 00 00 02  20 00 02 10 00"
 "00 00 00 00 00  00 00 00 00 00"
 "00 00 00 00 00  00 00 00 00 00"
 "00 00 00 00 00  00 00 00 00 00"
 "00 00 00 00 00  00 00 00 00 00"
 "00 00 00 00 00  00 00 00 00 00"
 "00 00 00 00 00  00 00 00 00 00"]
{:cmd :move-y :org [2 1] :dst 3}

4
["00 00 00 00 00  00 00 00 00 00"
 "00 09 00 00 00  00 00 00 00 00"
 "00 01 00 00 00  00 00 00 00 00"
 "00 02 02 02 02  20 00 02 10 00"
 "00 00 00 00 00  00 00 00 00 00"
 "00 00 00 00 00  00 00 00 00 00"
 "00 00 00 00 00  00 00 00 00 00"
 "00 00 00 00 00  00 00 00 00 00"
 "00 00 00 00 00  00 00 00 00 00"
 "00 00 00 00 00  00 00 00 00 00"]
{:cmd :move-y :org [1 1] :dst 3}

5
["00 00 00 00 00  00 00 00 00 00"
 "00 0A 02 02 01  00 00 00 00 00"
 "00 00 00 00 01  00 00 00 00 00"
 "00 03 02 02 03  20 00 02 10 00"
 "00 01 00 00 01  00 00 00 00 00"
 "00 01 00 00 01  00 00 00 00 00"
 "00 01 00 00 01  00 00 00 00 00"
 "00 02 02 02 00  00 00 00 00 00"
 "00 00 00 00 00  00 00 00 00 00"
 "00 00 00 00 00  00 00 00 00 00"]
{:cmd :move-y :org [2 7] :dst 3}

5
["00 00 00 00 00  00 00 00 00 00"
 "00 0A 02 02 01  00 00 00 00 00"
 "00 00 00 00 01  00 00 00 00 00"
 "00 02 02 02 06  20 00 02 10 00"
 "00 00 00 00 00  00 00 00 00 00"
 "00 00 00 00 00  00 00 00 00 00"
 "00 00 00 00 00  00 00 00 00 00"
 "00 00 00 00 00  00 00 00 00 00"
 "00 00 00 00 00  00 00 00 00 00"
 "00 00 00 00 00  00 00 00 00 00"]
{:cmd :move-x :org [1 3] :dst 4}

5
["00 00 00 00 00  00 00 00 00 00"
 "00 0A 02 02 01  00 00 00 00 00"
 "00 00 00 00 01  00 00 00 00 00"
 "00 00 00 00 02  20 00 02 10 00"
 "00 00 00 00 00  00 00 00 00 00"
 "00 00 00 00 00  00 00 00 00 00"
 "00 00 00 00 00  00 00 00 00 00"
 "00 00 00 00 00  00 00 00 00 00"
 "00 00 00 00 00  00 00 00 00 00"
 "00 00 00 00 00  00 00 00 00 00"]
{:cmd :move-y :org [2 1] :dst 3}

5
["00 00 00 00 00  00 00 00 00 00"
 "00 09 00 00 00  00 00 00 00 00"
 "00 01 00 00 00  00 00 00 00 00"
 "00 02 02 02 02  20 00 02 10 00"
 "00 00 00 00 00  00 00 00 00 00"
 "00 00 00 00 00  00 00 00 00 00"
 "00 00 00 00 00  00 00 00 00 00"
 "00 00 00 00 00  00 00 00 00 00"
 "00 00 00 00 00  00 00 00 00 00"
 "00 00 00 00 00  00 00 00 00 00"]
{:cmd :move-y :org [1 1] :dst 3}

6
["00 00 00 00 00  00 00 00 00 00"
 "00 0A 02 02 01  00 00 00 00 00"
 "00 00 00 00 01  00 00 00 00 00"
 "03 02 02 02 03  20 00 02 10 00"
 "01 00 00 00 01  00 00 00 00 00"
 "01 00 00 00 01  00 00 00 00 00"
 "01 00 00 00 01  00 00 00 00 00"
 "02 02 02 02 00  00 00 00 00 00"
 "00 00 00 00 00  00 00 00 00 00"
 "00 00 00 00 00  00 00 00 00 00"]
{:cmd :move-y :org [2 7] :dst 3}

6
["00 00 00 00 00  00 00 00 00 00"
 "00 0A 02 02 01  00 00 00 00 00"
 "00 00 00 00 01  00 00 00 00 00"
 "02 02 02 02 06  20 00 02 10 00"
 "00 00 00 00 00  00 00 00 00 00"
 "00 00 00 00 00  00 00 00 00 00"
 "00 00 00 00 00  00 00 00 00 00"
 "00 00 00 00 00  00 00 00 00 00"
 "00 00 00 00 00  00 00 00 00 00"
 "00 00 00 00 00  00 00 00 00 00"]
{:cmd :move-x :org [0 3] :dst 4}

6
["00 00 00 00 00  00 00 00 00 00"
 "00 0A 02 02 01  00 00 00 00 00"
 "00 00 00 00 01  00 00 00 00 00"
 "00 00 00 00 02  20 00 02 10 00"
 "00 00 00 00 00  00 00 00 00 00"
 "00 00 00 00 00  00 00 00 00 00"
 "00 00 00 00 00  00 00 00 00 00"
 "00 00 00 00 00  00 00 00 00 00"
 "00 00 00 00 00  00 00 00 00 00"
 "00 00 00 00 00  00 00 00 00 00"]
{:cmd :move-y :org [2 1] :dst 3}

6
["00 00 00 00 00  00 00 00 00 00"
 "00 09 00 00 00  00 00 00 00 00"
 "00 01 00 00 00  00 00 00 00 00"
 "00 02 02 02 02  20 00 02 10 00"
 "00 00 00 00 00  00 00 00 00 00"
 "00 00 00 00 00  00 00 00 00 00"
 "00 00 00 00 00  00 00 00 00 00"
 "00 00 00 00 00  00 00 00 00 00"
 "00 00 00 00 00  00 00 00 00 00"
 "00 00 00 00 00  00 00 00 00 00"]
{:cmd :move-y :org [1 1] :dst 3}

7
["00 00 00 00 00  00 00 00 00 00"
 "00 0A 02 02 01  00 00 00 00 00"
 "00 00 00 00 01  00 00 00 00 00"
 "03 02 02 02 03  20 00 02 10 00"
 "01 00 00 00 01  00 00 00 00 00"
 "01 00 00 00 01  00 00 00 00 00"
 "02 02 02 02 00  00 00 00 00 00"
 "00 00 00 00 00  00 00 00 00 00"
 "00 00 00 00 00  00 00 00 00 00"
 "00 00 00 00 00  00 00 00 00 00"]
{:cmd :move-y :org [2 6] :dst 3}

7
["00 00 00 00 00  00 00 00 00 00"
 "00 0A 02 02 01  00 00 00 00 00"
 "00 00 00 00 01  00 00 00 00 00"
 "02 02 02 02 06  20 00 02 10 00"
 "00 00 00 00 00  00 00 00 00 00"
 "00 00 00 00 00  00 00 00 00 00"
 "00 00 00 00 00  00 00 00 00 00"
 "00 00 00 00 00  00 00 00 00 00"
 "00 00 00 00 00  00 00 00 00 00"
 "00 00 00 00 00  00 00 00 00 00"]
{:cmd :move-x :org [0 3] :dst 4}

7
["00 00 00 00 00  00 00 00 00 00"
 "00 0A 02 02 01  00 00 00 00 00"
 "00 00 00 00 01  00 00 00 00 00"
 "00 00 00 00 02  20 00 02 10 00"
 "00 00 00 00 00  00 00 00 00 00"
 "00 00 00 00 00  00 00 00 00 00"
 "00 00 00 00 00  00 00 00 00 00"
 "00 00 00 00 00  00 00 00 00 00"
 "00 00 00 00 00  00 00 00 00 00"
 "00 00 00 00 00  00 00 00 00 00"]
{:cmd :move-y :org [2 1] :dst 3}

7
["00 00 00 00 00  00 00 00 00 00"
 "00 09 00 00 00  00 00 00 00 00"
 "00 01 00 00 00  00 00 00 00 00"
 "00 02 02 02 02  20 00 02 10 00"
 "00 00 00 00 00  00 00 00 00 00"
 "00 00 00 00 00  00 00 00 00 00"
 "00 00 00 00 00  00 00 00 00 00"
 "00 00 00 00 00  00 00 00 00 00"
 "00 00 00 00 00  00 00 00 00 00"
 "00 00 00 00 00  00 00 00 00 00"]
{:cmd :move-y :org [1 1] :dst 3}

8
["00 00 00 00 00  00 00 00 00 00"
 "00 0A 02 02 01  00 00 00 00 00"
 "00 00 00 00 01  00 00 00 00 00"
 "03 02 02 02 03  20 00 02 10 00"
 "01 00 00 00 01  00 00 00 00 00"
 "02 02 02 02 00  00 00 00 00 00"
 "00 00 00 00 00  00 00 00 00 00"
 "00 00 00 00 00  00 00 00 00 00"
 "00 00 00 00 00  00 00 00 00 00"
 "00 00 00 00 00  00 00 00 00 00"]
{:cmd :move-y :org [2 5] :dst 3}

8
["00 00 00 00 00  00 00 00 00 00"
 "00 0A 02 02 01  00 00 00 00 00"
 "00 00 00 00 01  00 00 00 00 00"
 "02 02 02 02 06  20 00 02 10 00"
 "00 00 00 00 00  00 00 00 00 00"
 "00 00 00 00 00  00 00 00 00 00"
 "00 00 00 00 00  00 00 00 00 00"
 "00 00 00 00 00  00 00 00 00 00"
 "00 00 00 00 00  00 00 00 00 00"
 "00 00 00 00 00  00 00 00 00 00"]
{:cmd :move-x :org [0 3] :dst 4}

8
["00 00 00 00 00  00 00 00 00 00"
 "00 0A 02 02 01  00 00 00 00 00"
 "00 00 00 00 01  00 00 00 00 00"
 "00 00 00 00 02  20 00 02 10 00"
 "00 00 00 00 00  00 00 00 00 00"
 "00 00 00 00 00  00 00 00 00 00"
 "00 00 00 00 00  00 00 00 00 00"
 "00 00 00 00 00  00 00 00 00 00"
 "00 00 00 00 00  00 00 00 00 00"
 "00 00 00 00 00  00 00 00 00 00"]
{:cmd :move-y :org [2 1] :dst 3}

8
["00 00 00 00 00  00 00 00 00 00"
 "00 09 00 00 00  00 00 00 00 00"
 "00 01 00 00 00  00 00 00 00 00"
 "00 02 02 02 02  20 00 02 10 00"
 "00 00 00 00 00  00 00 00 00 00"
 "00 00 00 00 00  00 00 00 00 00"
 "00 00 00 00 00  00 00 00 00 00"
 "00 00 00 00 00  00 00 00 00 00"
 "00 00 00 00 00  00 00 00 00 00"
 "00 00 00 00 00  00 00 00 00 00"]
{:cmd :move-y :org [1 1] :dst 3}

9
["00 00 00 00 00  00 00 00 00 00"
 "00 00 00 00 00  00 00 00 00 00"
 "00 00 00 00 00  00 00 00 00 00"
 "00 00 00 00 00  00 00 00 00 00"
 "00 00 03 02 01  00 00 00 00 00"
 "00 00 01 00 01  00 00 00 00 00"
 "00 00 02 02 03  20 00 02 10 00"
 "00 00 00 00 01  00 00 00 00 00"
 "00 0A 02 02 00  00 00 00 00 00"
 "00 00 00 00 00  00 00 00 00 00"]
{:cmd :move-y :org [3 4] :dst 6}

9
["00 00 00 00 00  00 00 00 00 00"
 "00 00 00 00 00  00 00 00 00 00"
 "00 00 00 00 00  00 00 00 00 00"
 "00 00 00 00 00  00 00 00 00 00"
 "00 00 00 00 00  00 00 00 00 00"
 "00 00 00 00 00  00 00 00 00 00"
 "00 00 02 02 07  20 00 02 10 00"
 "00 00 00 00 01  00 00 00 00 00"
 "00 0A 02 02 00  00 00 00 00 00"
 "00 00 00 00 00  00 00 00 00 00"]
{:cmd :move-x :org [2 6] :dst 4}

9
["00 00 00 00 00  00 00 00 00 00"
 "00 00 00 00 00  00 00 00 00 00"
 "00 00 00 00 00  00 00 00 00 00"
 "00 00 00 00 00  00 00 00 00 00"
 "00 00 00 00 00  00 00 00 00 00"
 "00 00 00 00 00  00 00 00 00 00"
 "00 00 00 00 03  20 00 02 10 00"
 "00 00 00 00 01  00 00 00 00 00"
 "00 0A 02 02 00  00 00 00 00 00"
 "00 00 00 00 00  00 00 00 00 00"]
{:cmd :move-y :org [2 8] :dst 6}

9
["00 00 00 00 00  00 00 00 00 00"
 "00 00 00 00 00  00 00 00 00 00"
 "00 00 00 00 00  00 00 00 00 00"
 "00 00 00 00 00  00 00 00 00 00"
 "00 00 00 00 00  00 00 00 00 00"
 "00 00 00 00 00  00 00 00 00 00"
 "00 03 02 02 02  20 00 02 10 00"
 "00 01 00 00 00  00 00 00 00 00"
 "00 08 00 00 00  00 00 00 00 00"
 "00 00 00 00 00  00 00 00 00 00"]
{:cmd :move-y :org [1 8] :dst 6}

10
["00 00 00 00 00  00 00 00 00 00"
 "00 00 00 00 00  00 00 00 00 00"
 "00 00 00 00 00  00 00 00 00 00"
 "00 00 03 02 01  00 00 00 00 00"
 "00 00 01 00 01  00 00 00 00 00"
 "00 00 01 00 01  00 00 00 00 00"
 "00 00 02 02 03  20 00 02 10 00"
 "00 00 00 00 01  00 00 00 00 00"
 "00 0A 02 02 00  00 00 00 00 00"
 "00 00 00 00 00  00 00 00 00 00"]
{:cmd :move-y :org [3 3] :dst 6}

10
["00 00 00 00 00  00 00 00 00 00"
 "00 00 00 00 00  00 00 00 00 00"
 "00 00 00 00 00  00 00 00 00 00"
 "00 00 00 00 00  00 00 00 00 00"
 "00 00 00 00 00  00 00 00 00 00"
 "00 00 00 00 00  00 00 00 00 00"
 "00 00 02 02 07  20 00 02 10 00"
 "00 00 00 00 01  00 00 00 00 00"
 "00 0A 02 02 00  00 00 00 00 00"
 "00 00 00 00 00  00 00 00 00 00"]
{:cmd :move-x :org [2 6] :dst 4}

10
["00 00 00 00 00  00 00 00 00 00"
 "00 00 00 00 00  00 00 00 00 00"
 "00 00 00 00 00  00 00 00 00 00"
 "00 00 00 00 00  00 00 00 00 00"
 "00 00 00 00 00  00 00 00 00 00"
 "00 00 00 00 00  00 00 00 00 00"
 "00 00 00 00 03  20 00 02 10 00"
 "00 00 00 00 01  00 00 00 00 00"
 "00 0A 02 02 00  00 00 00 00 00"
 "00 00 00 00 00  00 00 00 00 00"]
{:cmd :move-y :org [2 8] :dst 6}

10
["00 00 00 00 00  00 00 00 00 00"
 "00 00 00 00 00  00 00 00 00 00"
 "00 00 00 00 00  00 00 00 00 00"
 "00 00 00 00 00  00 00 00 00 00"
 "00 00 00 00 00  00 00 00 00 00"
 "00 00 00 00 00  00 00 00 00 00"
 "00 03 02 02 02  20 00 02 10 00"
 "00 01 00 00 00  00 00 00 00 00"
 "00 08 00 00 00  00 00 00 00 00"
 "00 00 00 00 00  00 00 00 00 00"]
{:cmd :move-y :org [1 8] :dst 6}

11
["00 00 00 00 00  00 00 00 00 00"
 "00 00 00 00 00  00 00 00 00 00"
 "00 00 00 00 00  00 00 00 00 00"
 "00 03 02 02 01  00 00 00 00 00"
 "00 01 00 00 01  00 00 00 00 00"
 "00 01 00 00 01  00 00 00 00 00"
 "00 02 02 02 03  20 00 02 10 00"
 "00 00 00 00 01  00 00 00 00 00"
 "00 0A 02 02 00  00 00 00 00 00"
 "00 00 00 00 00  00 00 00 00 00"]
{:cmd :move-y :org [2 3] :dst 6}

11
["00 00 00 00 00  00 00 00 00 00"
 "00 00 00 00 00  00 00 00 00 00"
 "00 00 00 00 00  00 00 00 00 00"
 "00 00 00 00 00  00 00 00 00 00"
 "00 00 00 00 00  00 00 00 00 00"
 "00 00 00 00 00  00 00 00 00 00"
 "00 02 02 02 07  20 00 02 10 00"
 "00 00 00 00 01  00 00 00 00 00"
 "00 0A 02 02 00  00 00 00 00 00"
 "00 00 00 00 00  00 00 00 00 00"]
{:cmd :move-x :org [1 6] :dst 4}

11
["00 00 00 00 00  00 00 00 00 00"
 "00 00 00 00 00  00 00 00 00 00"
 "00 00 00 00 00  00 00 00 00 00"
 "00 00 00 00 00  00 00 00 00 00"
 "00 00 00 00 00  00 00 00 00 00"
 "00 00 00 00 00  00 00 00 00 00"
 "00 00 00 00 03  20 00 02 10 00"
 "00 00 00 00 01  00 00 00 00 00"
 "00 0A 02 02 00  00 00 00 00 00"
 "00 00 00 00 00  00 00 00 00 00"]
{:cmd :move-y :org [2 8] :dst 6}

11
["00 00 00 00 00  00 00 00 00 00"
 "00 00 00 00 00  00 00 00 00 00"
 "00 00 00 00 00  00 00 00 00 00"
 "00 00 00 00 00  00 00 00 00 00"
 "00 00 00 00 00  00 00 00 00 00"
 "00 00 00 00 00  00 00 00 00 00"
 "00 03 02 02 02  20 00 02 10 00"
 "00 01 00 00 00  00 00 00 00 00"
 "00 08 00 00 00  00 00 00 00 00"
 "00 00 00 00 00  00 00 00 00 00"]
{:cmd :move-y :org [1 8] :dst 6}

12
["00 00 00 00 00  00 00 00 00 00"
 "00 00 00 00 00  00 00 00 00 00"
 "00 00 00 00 00  00 00 00 00 00"
 "00 00 00 00 00  00 00 00 00 00"
 "00 03 02 02 01  00 00 00 00 00"
 "00 01 00 00 01  00 00 00 00 00"
 "00 02 02 02 03  20 00 02 10 00"
 "00 00 00 00 01  00 00 00 00 00"
 "00 0A 02 02 00  00 00 00 00 00"
 "00 00 00 00 00  00 00 00 00 00"]
{:cmd :move-y :org [2 4] :dst 6}

12
["00 00 00 00 00  00 00 00 00 00"
 "00 00 00 00 00  00 00 00 00 00"
 "00 00 00 00 00  00 00 00 00 00"
 "00 00 00 00 00  00 00 00 00 00"
 "00 00 00 00 00  00 00 00 00 00"
 "00 00 00 00 00  00 00 00 00 00"
 "00 02 02 02 07  20 00 02 10 00"
 "00 00 00 00 01  00 00 00 00 00"
 "00 0A 02 02 00  00 00 00 00 00"
 "00 00 00 00 00  00 00 00 00 00"]
{:cmd :move-x :org [1 6] :dst 4}

12
["00 00 00 00 00  00 00 00 00 00"
 "00 00 00 00 00  00 00 00 00 00"
 "00 00 00 00 00  00 00 00 00 00"
 "00 00 00 00 00  00 00 00 00 00"
 "00 00 00 00 00  00 00 00 00 00"
 "00 00 00 00 00  00 00 00 00 00"
 "00 00 00 00 03  20 00 02 10 00"
 "00 00 00 00 01  00 00 00 00 00"
 "00 0A 02 02 00  00 00 00 00 00"
 "00 00 00 00 00  00 00 00 00 00"]
{:cmd :move-y :org [2 8] :dst 6}

12
["00 00 00 00 00  00 00 00 00 00"
 "00 00 00 00 00  00 00 00 00 00"
 "00 00 00 00 00  00 00 00 00 00"
 "00 00 00 00 00  00 00 00 00 00"
 "00 00 00 00 00  00 00 00 00 00"
 "00 00 00 00 00  00 00 00 00 00"
 "00 03 02 02 02  20 00 02 10 00"
 "00 01 00 00 00  00 00 00 00 00"
 "00 08 00 00 00  00 00 00 00 00"
 "00 00 00 00 00  00 00 00 00 00"]
{:cmd :move-y :org [1 8] :dst 6}

13
["00 00 00 00 00  00 00 00 00 00"
 "00 00 00 00 00  00 00 00 00 00"
 "00 00 03 02 01  00 00 00 00 00"
 "00 00 01 00 01  00 00 00 00 00"
 "00 00 01 00 01  00 00 00 00 00"
 "00 00 01 00 01  00 00 00 00 00"
 "00 00 02 02 03  20 00 02 10 00"
 "00 00 00 00 01  00 00 00 00 00"
 "00 0A 02 02 00  00 00 00 00 00"
 "00 00 00 00 00  00 00 00 00 00"]
{:cmd :move-y :org [3 2] :dst 6}

13
["00 00 00 00 00  00 00 00 00 00"
 "00 00 00 00 00  00 00 00 00 00"
 "00 00 00 00 00  00 00 00 00 00"
 "00 00 00 00 00  00 00 00 00 00"
 "00 00 00 00 00  00 00 00 00 00"
 "00 00 00 00 00  00 00 00 00 00"
 "00 00 02 02 07  20 00 02 10 00"
 "00 00 00 00 01  00 00 00 00 00"
 "00 0A 02 02 00  00 00 00 00 00"
 "00 00 00 00 00  00 00 00 00 00"]
{:cmd :move-x :org [2 6] :dst 4}

13
["00 00 00 00 00  00 00 00 00 00"
 "00 00 00 00 00  00 00 00 00 00"
 "00 00 00 00 00  00 00 00 00 00"
 "00 00 00 00 00  00 00 00 00 00"
 "00 00 00 00 00  00 00 00 00 00"
 "00 00 00 00 00  00 00 00 00 00"
 "00 00 00 00 03  20 00 02 10 00"
 "00 00 00 00 01  00 00 00 00 00"
 "00 0A 02 02 00  00 00 00 00 00"
 "00 00 00 00 00  00 00 00 00 00"]
{:cmd :move-y :org [2 8] :dst 6}

13
["00 00 00 00 00  00 00 00 00 00"
 "00 00 00 00 00  00 00 00 00 00"
 "00 00 00 00 00  00 00 00 00 00"
 "00 00 00 00 00  00 00 00 00 00"
 "00 00 00 00 00  00 00 00 00 00"
 "00 00 00 00 00  00 00 00 00 00"
 "00 03 02 02 02  20 00 02 10 00"
 "00 01 00 00 00  00 00 00 00 00"
 "00 08 00 00 00  00 00 00 00 00"
 "00 00 00 00 00  00 00 00 00 00"]
{:cmd :move-y :org [1 8] :dst 6}

14
["00 00 00 00 00  00 00 00 00 00"
 "00 00 00 00 00  00 00 00 00 00"
 "00 03 02 02 01  00 00 00 00 00"
 "00 01 00 00 01  00 00 00 00 00"
 "00 01 00 00 01  00 00 00 00 00"
 "00 01 00 00 01  00 00 00 00 00"
 "00 02 02 02 03  20 00 02 10 00"
 "00 00 00 00 01  00 00 00 00 00"
 "00 0A 02 02 00  00 00 00 00 00"
 "00 00 00 00 00  00 00 00 00 00"]
{:cmd :move-y :org [2 2] :dst 6}

14
["00 00 00 00 00  00 00 00 00 00"
 "00 00 00 00 00  00 00 00 00 00"
 "00 00 00 00 00  00 00 00 00 00"
 "00 00 00 00 00  00 00 00 00 00"
 "00 00 00 00 00  00 00 00 00 00"
 "00 00 00 00 00  00 00 00 00 00"
 "00 02 02 02 07  20 00 02 10 00"
 "00 00 00 00 01  00 00 00 00 00"
 "00 0A 02 02 00  00 00 00 00 00"
 "00 00 00 00 00  00 00 00 00 00"]
{:cmd :move-x :org [1 6] :dst 4}

14
["00 00 00 00 00  00 00 00 00 00"
 "00 00 00 00 00  00 00 00 00 00"
 "00 00 00 00 00  00 00 00 00 00"
 "00 00 00 00 00  00 00 00 00 00"
 "00 00 00 00 00  00 00 00 00 00"
 "00 00 00 00 00  00 00 00 00 00"
 "00 00 00 00 03  20 00 02 10 00"
 "00 00 00 00 01  00 00 00 00 00"
 "00 0A 02 02 00  00 00 00 00 00"
 "00 00 00 00 00  00 00 00 00 00"]
{:cmd :move-y :org [2 8] :dst 6}

14
["00 00 00 00 00  00 00 00 00 00"
 "00 00 00 00 00  00 00 00 00 00"
 "00 00 00 00 00  00 00 00 00 00"
 "00 00 00 00 00  00 00 00 00 00"
 "00 00 00 00 00  00 00 00 00 00"
 "00 00 00 00 00  00 00 00 00 00"
 "00 03 02 02 02  20 00 02 10 00"
 "00 01 00 00 00  00 00 00 00 00"
 "00 08 00 00 00  00 00 00 00 00"
 "00 00 00 00 00  00 00 00 00 00"]
{:cmd :move-y :org [1 8] :dst 6}

15
["00 00 00 00 00  00 00 00 00 00"
 "00 00 00 00 00  00 00 00 00 00"
 "03 02 02 02 01  00 00 00 00 00"
 "01 00 00 00 01  00 00 00 00 00"
 "01 00 00 00 01  00 00 00 00 00"
 "01 00 00 00 01  00 00 00 00 00"
 "02 02 02 02 03  20 00 02 10 00"
 "00 00 00 00 01  00 00 00 00 00"
 "00 0A 02 02 00  00 00 00 00 00"
 "00 00 00 00 00  00 00 00 00 00"]
{:cmd :move-y :org [2 2] :dst 6}

15
["00 00 00 00 00  00 00 00 00 00"
 "00 00 00 00 00  00 00 00 00 00"
 "00 00 00 00 00  00 00 00 00 00"
 "00 00 00 00 00  00 00 00 00 00"
 "00 00 00 00 00  00 00 00 00 00"
 "00 00 00 00 00  00 00 00 00 00"
 "02 02 02 02 07  20 00 02 10 00"
 "00 00 00 00 01  00 00 00 00 00"
 "00 0A 02 02 00  00 00 00 00 00"
 "00 00 00 00 00  00 00 00 00 00"]
{:cmd :move-x :org [0 6] :dst 4}

15
["00 00 00 00 00  00 00 00 00 00"
 "00 00 00 00 00  00 00 00 00 00"
 "00 00 00 00 00  00 00 00 00 00"
 "00 00 00 00 00  00 00 00 00 00"
 "00 00 00 00 00  00 00 00 00 00"
 "00 00 00 00 00  00 00 00 00 00"
 "00 00 00 00 03  20 00 02 10 00"
 "00 00 00 00 01  00 00 00 00 00"
 "00 0A 02 02 00  00 00 00 00 00"
 "00 00 00 00 00  00 00 00 00 00"]
{:cmd :move-y :org [2 8] :dst 6}

15
["00 00 00 00 00  00 00 00 00 00"
 "00 00 00 00 00  00 00 00 00 00"
 "00 00 00 00 00  00 00 00 00 00"
 "00 00 00 00 00  00 00 00 00 00"
 "00 00 00 00 00  00 00 00 00 00"
 "00 00 00 00 00  00 00 00 00 00"
 "00 03 02 02 02  20 00 02 10 00"
 "00 01 00 00 00  00 00 00 00 00"
 "00 08 00 00 00  00 00 00 00 00"
 "00 00 00 00 00  00 00 00 00 00"]
{:cmd :move-y :org [1 8] :dst 6}

16
["00 00 00 00 00  00 00 00 00 00"
 "00 00 00 00 00  00 00 00 00 00"
 "00 00 00 00 00  00 00 00 00 00"
 "03 02 02 02 01  00 00 00 00 00"
 "01 00 00 00 01  00 00 00 00 00"
 "01 00 00 00 01  00 00 00 00 00"
 "02 02 02 02 03  20 00 02 10 00"
 "00 00 00 00 01  00 00 00 00 00"
 "00 0A 02 02 00  00 00 00 00 00"
 "00 00 00 00 00  00 00 00 00 00"]
{:cmd :move-y :org [2 3] :dst 6}

16
["00 00 00 00 00  00 00 00 00 00"
 "00 00 00 00 00  00 00 00 00 00"
 "00 00 00 00 00  00 00 00 00 00"
 "00 00 00 00 00  00 00 00 00 00"
 "00 00 00 00 00  00 00 00 00 00"
 "00 00 00 00 00  00 00 00 00 00"
 "02 02 02 02 07  20 00 02 10 00"
 "00 00 00 00 01  00 00 00 00 00"
 "00 0A 02 02 00  00 00 00 00 00"
 "00 00 00 00 00  00 00 00 00 00"]
{:cmd :move-x :org [0 6] :dst 4}

16
["00 00 00 00 00  00 00 00 00 00"
 "00 00 00 00 00  00 00 00 00 00"
 "00 00 00 00 00  00 00 00 00 00"
 "00 00 00 00 00  00 00 00 00 00"
 "00 00 00 00 00  00 00 00 00 00"
 "00 00 00 00 00  00 00 00 00 00"
 "00 00 00 00 03  20 00 02 10 00"
 "00 00 00 00 01  00 00 00 00 00"
 "00 0A 02 02 00  00 00 00 00 00"
 "00 00 00 00 00  00 00 00 00 00"]
{:cmd :move-y :org [2 8] :dst 6}

16
["00 00 00 00 00  00 00 00 00 00"
 "00 00 00 00 00  00 00 00 00 00"
 "00 00 00 00 00  00 00 00 00 00"
 "00 00 00 00 00  00 00 00 00 00"
 "00 00 00 00 00  00 00 00 00 00"
 "00 00 00 00 00  00 00 00 00 00"
 "00 03 02 02 02  20 00 02 10 00"
 "00 01 00 00 00  00 00 00 00 00"
 "00 08 00 00 00  00 00 00 00 00"
 "00 00 00 00 00  00 00 00 00 00"]
{:cmd :move-y :org [1 8] :dst 6}

17
["00 00 00 00 00  00 00 00 00 00"
 "00 00 00 00 00  00 00 00 00 00"
 "00 00 00 00 00  00 00 00 00 00"
 "00 00 00 00 00  00 00 00 00 00"
 "03 02 02 02 01  00 00 00 00 00"
 "01 00 00 00 01  00 00 00 00 00"
 "02 02 02 02 03  20 00 02 10 00"
 "00 00 00 00 01  00 00 00 00 00"
 "00 0A 02 02 00  00 00 00 00 00"
 "00 00 00 00 00  00 00 00 00 00"]
{:cmd :move-y :org [2 4] :dst 6}

17
["00 00 00 00 00  00 00 00 00 00"
 "00 00 00 00 00  00 00 00 00 00"
 "00 00 00 00 00  00 00 00 00 00"
 "00 00 00 00 00  00 00 00 00 00"
 "00 00 00 00 00  00 00 00 00 00"
 "00 00 00 00 00  00 00 00 00 00"
 "02 02 02 02 07  20 00 02 10 00"
 "00 00 00 00 01  00 00 00 00 00"
 "00 0A 02 02 00  00 00 00 00 00"
 "00 00 00 00 00  00 00 00 00 00"]
{:cmd :move-x :org [0 6] :dst 4}

17
["00 00 00 00 00  00 00 00 00 00"
 "00 00 00 00 00  00 00 00 00 00"
 "00 00 00 00 00  00 00 00 00 00"
 "00 00 00 00 00  00 00 00 00 00"
 "00 00 00 00 00  00 00 00 00 00"
 "00 00 00 00 00  00 00 00 00 00"
 "00 00 00 00 03  20 00 02 10 00"
 "00 00 00 00 01  00 00 00 00 00"
 "00 0A 02 02 00  00 00 00 00 00"
 "00 00 00 00 00  00 00 00 00 00"]
{:cmd :move-y :org [2 8] :dst 6}

17
["00 00 00 00 00  00 00 00 00 00"
 "00 00 00 00 00  00 00 00 00 00"
 "00 00 00 00 00  00 00 00 00 00"
 "00 00 00 00 00  00 00 00 00 00"
 "00 00 00 00 00  00 00 00 00 00"
 "00 00 00 00 00  00 00 00 00 00"
 "00 03 02 02 02  20 00 02 10 00"
 "00 01 00 00 00  00 00 00 00 00"
 "00 08 00 00 00  00 00 00 00 00"
 "00 00 00 00 00  00 00 00 00 00"]
{:cmd :move-y :org [1 8] :dst 6}

18
["00 00 00 00 00  00 00 00 00 00"
 "00 0A 20 00 02  01 00 00 00 00"
 "00 00 00 00 00  01 00 00 00 00"
 "00 00 00 03 02  03 02 10 00 00"
 "00 00 00 01 00  01 00 00 00 00"
 "00 00 00 02 02  00 00 00 00 00"
 "00 00 00 00 00  00 00 00 00 00"
 "00 00 00 00 00  00 00 00 00 00"
 "00 00 00 00 00  00 00 00 00 00"
 "00 00 00 00 00  00 00 00 00 00"]
{:cmd :move-y :org [4 5] :dst 3}

18
["00 00 00 00 00  00 00 00 00 00"
 "00 0A 20 00 02  01 00 00 00 00"
 "00 00 00 00 00  01 00 00 00 00"
 "00 00 00 02 02  06 02 10 00 00"
 "00 00 00 00 00  00 00 00 00 00"
 "00 00 00 00 00  00 00 00 00 00"
 "00 00 00 00 00  00 00 00 00 00"
 "00 00 00 00 00  00 00 00 00 00"
 "00 00 00 00 00  00 00 00 00 00"
 "00 00 00 00 00  00 00 00 00 00"]
{:cmd :move-x :org [3 3] :dst 5}

18
["00 00 00 00 00  00 00 00 00 00"
 "00 0A 20 00 02  01 00 00 00 00"
 "00 00 00 00 00  01 00 00 00 00"
 "00 00 00 00 00  02 02 10 00 00"
 "00 00 00 00 00  00 00 00 00 00"
 "00 00 00 00 00  00 00 00 00 00"
 "00 00 00 00 00  00 00 00 00 00"
 "00 00 00 00 00  00 00 00 00 00"
 "00 00 00 00 00  00 00 00 00 00"
 "00 00 00 00 00  00 00 00 00 00"]
{:cmd :move-y :org [6 3] :dst 1}

18
["00 00 00 00 00  00 00 00 00 00"
 "00 0A 20 00 02  02 02 01 00 00"
 "00 00 00 00 00  00 00 01 00 00"
 "00 00 00 00 00  00 00 10 00 00"
 "00 00 00 00 00  00 00 00 00 00"
 "00 00 00 00 00  00 00 00 00 00"
 "00 00 00 00 00  00 00 00 00 00"
 "00 00 00 00 00  00 00 00 00 00"
 "00 00 00 00 00  00 00 00 00 00"
 "00 00 00 00 00  00 00 00 00 00"]
{:cmd :move-y :org [7 3] :dst 1}

19
["00 00 00 00 00  00 00 00 00 00"
 "00 0A 20 00 02  01 00 00 00 00"
 "00 00 00 00 00  01 00 00 00 00"
 "00 00 00 03 02  03 02 10 00 00"
 "00 00 00 01 00  01 00 00 00 00"
 "00 00 00 01 00  01 00 00 00 00"
 "00 00 00 02 02  00 00 00 00 00"
 "00 00 00 00 00  00 00 00 00 00"
 "00 00 00 00 00  00 00 00 00 00"
 "00 00 00 00 00  00 00 00 00 00"]
{:cmd :move-y :org [4 6] :dst 3}

19
["00 00 00 00 00  00 00 00 00 00"
 "00 0A 20 00 02  01 00 00 00 00"
 "00 00 00 00 00  01 00 00 00 00"
 "00 00 00 02 02  06 02 10 00 00"
 "00 00 00 00 00  00 00 00 00 00"
 "00 00 00 00 00  00 00 00 00 00"
 "00 00 00 00 00  00 00 00 00 00"
 "00 00 00 00 00  00 00 00 00 00"
 "00 00 00 00 00  00 00 00 00 00"
 "00 00 00 00 00  00 00 00 00 00"]
{:cmd :move-x :org [3 3] :dst 5}

19
["00 00 00 00 00  00 00 00 00 00"
 "00 0A 20 00 02  01 00 00 00 00"
 "00 00 00 00 00  01 00 00 00 00"
 "00 00 00 00 00  02 02 10 00 00"
 "00 00 00 00 00  00 00 00 00 00"
 "00 00 00 00 00  00 00 00 00 00"
 "00 00 00 00 00  00 00 00 00 00"
 "00 00 00 00 00  00 00 00 00 00"
 "00 00 00 00 00  00 00 00 00 00"
 "00 00 00 00 00  00 00 00 00 00"]
{:cmd :move-y :org [6 3] :dst 1}

19
["00 00 00 00 00  00 00 00 00 00"
 "00 0A 20 00 02  02 02 01 00 00"
 "00 00 00 00 00  00 00 01 00 00"
 "00 00 00 00 00  00 00 10 00 00"
 "00 00 00 00 00  00 00 00 00 00"
 "00 00 00 00 00  00 00 00 00 00"
 "00 00 00 00 00  00 00 00 00 00"
 "00 00 00 00 00  00 00 00 00 00"
 "00 00 00 00 00  00 00 00 00 00"
 "00 00 00 00 00  00 00 00 00 00"]
{:cmd :move-y :org [7 3] :dst 1}

20
["00 00 00 00 00  00 00 00 00 00"
 "00 0A 20 00 02  01 00 00 00 00"
 "00 00 00 00 00  01 00 00 00 00"
 "00 00 03 02 02  03 02 10 00 00"
 "00 00 01 00 00  01 00 00 00 00"
 "00 00 01 00 00  01 00 00 00 00"
 "00 00 02 02 02  00 00 00 00 00"
 "00 00 00 00 00  00 00 00 00 00"
 "00 00 00 00 00  00 00 00 00 00"
 "00 00 00 00 00  00 00 00 00 00"]
{:cmd :move-y :org [3 6] :dst 3}

20
["00 00 00 00 00  00 00 00 00 00"
 "00 0A 20 00 02  01 00 00 00 00"
 "00 00 00 00 00  01 00 00 00 00"
 "00 00 02 02 02  06 02 10 00 00"
 "00 00 00 00 00  00 00 00 00 00"
 "00 00 00 00 00  00 00 00 00 00"
 "00 00 00 00 00  00 00 00 00 00"
 "00 00 00 00 00  00 00 00 00 00"
 "00 00 00 00 00  00 00 00 00 00"
 "00 00 00 00 00  00 00 00 00 00"]
{:cmd :move-x :org [2 3] :dst 5}

20
["00 00 00 00 00  00 00 00 00 00"
 "00 0A 20 00 02  01 00 00 00 00"
 "00 00 00 00 00  01 00 00 00 00"
 "00 00 00 00 00  02 02 10 00 00"
 "00 00 00 00 00  00 00 00 00 00"
 "00 00 00 00 00  00 00 00 00 00"
 "00 00 00 00 00  00 00 00 00 00"
 "00 00 00 00 00  00 00 00 00 00"
 "00 00 00 00 00  00 00 00 00 00"
 "00 00 00 00 00  00 00 00 00 00"]
{:cmd :move-y :org [6 3] :dst 1}

20
["00 00 00 00 00  00 00 00 00 00"
 "00 0A 20 00 02  02 02 01 00 00"
 "00 00 00 00 00  00 00 01 00 00"
 "00 00 00 00 00  00 00 10 00 00"
 "00 00 00 00 00  00 00 00 00 00"
 "00 00 00 00 00  00 00 00 00 00"
 "00 00 00 00 00  00 00 00 00 00"
 "00 00 00 00 00  00 00 00 00 00"
 "00 00 00 00 00  00 00 00 00 00"
 "00 00 00 00 00  00 00 00 00 00"]
{:cmd :move-y :org [7 3] :dst 1}

21
["00 00 00 00 00  00 00 00 00 00"
 "00 0A 20 00 02  01 00 00 00 00"
 "00 00 00 00 00  01 00 00 00 00"
 "00 00 03 02 02  03 02 10 00 00"
 "00 00 01 00 00  01 00 00 00 00"
 "00 00 02 02 02  00 00 00 00 00"
 "00 00 00 00 00  00 00 00 00 00"
 "00 00 00 00 00  00 00 00 00 00"
 "00 00 00 00 00  00 00 00 00 00"
 "00 00 00 00 00  00 00 00 00 00"]
{:cmd :move-y :org [3 5] :dst 3}

21
["00 00 00 00 00  00 00 00 00 00"
 "00 0A 20 00 02  01 00 00 00 00"
 "00 00 00 00 00  01 00 00 00 00"
 "00 00 02 02 02  06 02 10 00 00"
 "00 00 00 00 00  00 00 00 00 00"
 "00 00 00 00 00  00 00 00 00 00"
 "00 00 00 00 00  00 00 00 00 00"
 "00 00 00 00 00  00 00 00 00 00"
 "00 00 00 00 00  00 00 00 00 00"
 "00 00 00 00 00  00 00 00 00 00"]
{:cmd :move-x :org [2 3] :dst 5}

21
["00 00 00 00 00  00 00 00 00 00"
 "00 0A 20 00 02  01 00 00 00 00"
 "00 00 00 00 00  01 00 00 00 00"
 "00 00 00 00 00  02 02 10 00 00"
 "00 00 00 00 00  00 00 00 00 00"
 "00 00 00 00 00  00 00 00 00 00"
 "00 00 00 00 00  00 00 00 00 00"
 "00 00 00 00 00  00 00 00 00 00"
 "00 00 00 00 00  00 00 00 00 00"
 "00 00 00 00 00  00 00 00 00 00"]
{:cmd :move-y :org [6 3] :dst 1}

21
["00 00 00 00 00  00 00 00 00 00"
 "00 0A 20 00 02  02 02 01 00 00"
 "00 00 00 00 00  00 00 01 00 00"
 "00 00 00 00 00  00 00 10 00 00"
 "00 00 00 00 00  00 00 00 00 00"
 "00 00 00 00 00  00 00 00 00 00"
 "00 00 00 00 00  00 00 00 00 00"
 "00 00 00 00 00  00 00 00 00 00"
 "00 00 00 00 00  00 00 00 00 00"
 "00 00 00 00 00  00 00 00 00 00"]
{:cmd :move-y :org [7 3] :dst 1}

22
["00 00 00 00 00  00 00 00 00 00"
 "00 0A 20 00 02  01 00 00 00 00"
 "00 00 00 00 00  01 00 00 00 00"
 "00 00 00 03 02  03 02 10 00 00"
 "00 00 00 01 00  01 00 00 00 00"
 "00 00 00 01 00  01 00 00 00 00"
 "00 00 00 01 00  01 00 00 00 00"
 "00 00 00 02 02  00 00 00 00 00"
 "00 00 00 00 00  00 00 00 00 00"
 "00 00 00 00 00  00 00 00 00 00"]
{:cmd :move-y :org [4 7] :dst 3}

22
["00 00 00 00 00  00 00 00 00 00"
 "00 0A 20 00 02  01 00 00 00 00"
 "00 00 00 00 00  01 00 00 00 00"
 "00 00 00 02 02  06 02 10 00 00"
 "00 00 00 00 00  00 00 00 00 00"
 "00 00 00 00 00  00 00 00 00 00"
 "00 00 00 00 00  00 00 00 00 00"
 "00 00 00 00 00  00 00 00 00 00"
 "00 00 00 00 00  00 00 00 00 00"
 "00 00 00 00 00  00 00 00 00 00"]
{:cmd :move-x :org [3 3] :dst 5}

22
["00 00 00 00 00  00 00 00 00 00"
 "00 0A 20 00 02  01 00 00 00 00"
 "00 00 00 00 00  01 00 00 00 00"
 "00 00 00 00 00  02 02 10 00 00"
 "00 00 00 00 00  00 00 00 00 00"
 "00 00 00 00 00  00 00 00 00 00"
 "00 00 00 00 00  00 00 00 00 00"
 "00 00 00 00 00  00 00 00 00 00"
 "00 00 00 00 00  00 00 00 00 00"
 "00 00 00 00 00  00 00 00 00 00"]
{:cmd :move-y :org [6 3] :dst 1}

22
["00 00 00 00 00  00 00 00 00 00"
 "00 0A 20 00 02  02 02 01 00 00"
 "00 00 00 00 00  00 00 01 00 00"
 "00 00 00 00 00  00 00 10 00 00"
 "00 00 00 00 00  00 00 00 00 00"
 "00 00 00 00 00  00 00 00 00 00"
 "00 00 00 00 00  00 00 00 00 00"
 "00 00 00 00 00  00 00 00 00 00"
 "00 00 00 00 00  00 00 00 00 00"
 "00 00 00 00 00  00 00 00 00 00"]
{:cmd :move-y :org [7 3] :dst 1}

23
["00 00 00 00 00  00 00 00 00 00"
 "00 0A 20 00 02  01 00 00 00 00"
 "00 00 00 00 00  01 00 00 00 00"
 "00 00 03 02 02  03 02 10 00 00"
 "00 00 01 00 00  01 00 00 00 00"
 "00 00 01 00 00  01 00 00 00 00"
 "00 00 01 00 00  01 00 00 00 00"
 "00 00 02 02 02  00 00 00 00 00"
 "00 00 00 00 00  00 00 00 00 00"
 "00 00 00 00 00  00 00 00 00 00"]
{:cmd :move-y :org [3 7] :dst 3}

23
["00 00 00 00 00  00 00 00 00 00"
 "00 0A 20 00 02  01 00 00 00 00"
 "00 00 00 00 00  01 00 00 00 00"
 "00 00 02 02 02  06 02 10 00 00"
 "00 00 00 00 00  00 00 00 00 00"
 "00 00 00 00 00  00 00 00 00 00"
 "00 00 00 00 00  00 00 00 00 00"
 "00 00 00 00 00  00 00 00 00 00"
 "00 00 00 00 00  00 00 00 00 00"
 "00 00 00 00 00  00 00 00 00 00"]
{:cmd :move-x :org [2 3] :dst 5}

23
["00 00 00 00 00  00 00 00 00 00"
 "00 0A 20 00 02  01 00 00 00 00"
 "00 00 00 00 00  01 00 00 00 00"
 "00 00 00 00 00  02 02 10 00 00"
 "00 00 00 00 00  00 00 00 00 00"
 "00 00 00 00 00  00 00 00 00 00"
 "00 00 00 00 00  00 00 00 00 00"
 "00 00 00 00 00  00 00 00 00 00"
 "00 00 00 00 00  00 00 00 00 00"
 "00 00 00 00 00  00 00 00 00 00"]
{:cmd :move-y :org [6 3] :dst 1}

23
["00 00 00 00 00  00 00 00 00 00"
 "00 0A 20 00 02  02 02 01 00 00"
 "00 00 00 00 00  00 00 01 00 00"
 "00 00 00 00 00  00 00 10 00 00"
 "00 00 00 00 00  00 00 00 00 00"
 "00 00 00 00 00  00 00 00 00 00"
 "00 00 00 00 00  00 00 00 00 00"
 "00 00 00 00 00  00 00 00 00 00"
 "00 00 00 00 00  00 00 00 00 00"
 "00 00 00 00 00  00 00 00 00 00"]
{:cmd :move-y :org [7 3] :dst 1}

24
["00 00 00 00 00  00 00 00 00 00"
 "00 0A 20 00 02  01 00 00 00 00"
 "00 00 00 00 00  01 00 00 00 00"
 "00 03 02 02 02  03 02 10 00 00"
 "00 01 00 00 00  01 00 00 00 00"
 "00 01 00 00 00  01 00 00 00 00"
 "00 01 00 00 00  01 00 00 00 00"
 "00 02 02 02 02  00 00 00 00 00"
 "00 00 00 00 00  00 00 00 00 00"
 "00 00 00 00 00  00 00 00 00 00"]
{:cmd :move-y :org [3 7] :dst 3}

24
["00 00 00 00 00  00 00 00 00 00"
 "00 0A 20 00 02  01 00 00 00 00"
 "00 00 00 00 00  01 00 00 00 00"
 "00 02 02 02 02  06 02 10 00 00"
 "00 00 00 00 00  00 00 00 00 00"
 "00 00 00 00 00  00 00 00 00 00"
 "00 00 00 00 00  00 00 00 00 00"
 "00 00 00 00 00  00 00 00 00 00"
 "00 00 00 00 00  00 00 00 00 00"
 "00 00 00 00 00  00 00 00 00 00"]
{:cmd :move-x :org [1 3] :dst 5}

24
["00 00 00 00 00  00 00 00 00 00"
 "00 0A 20 00 02  01 00 00 00 00"
 "00 00 00 00 00  01 00 00 00 00"
 "00 00 00 00 00  02 02 10 00 00"
 "00 00 00 00 00  00 00 00 00 00"
 "00 00 00 00 00  00 00 00 00 00"
 "00 00 00 00 00  00 00 00 00 00"
 "00 00 00 00 00  00 00 00 00 00"
 "00 00 00 00 00  00 00 00 00 00"
 "00 00 00 00 00  00 00 00 00 00"]
{:cmd :move-y :org [6 3] :dst 1}

24
["00 00 00 00 00  00 00 00 00 00"
 "00 0A 20 00 02  02 02 01 00 00"
 "00 00 00 00 00  00 00 01 00 00"
 "00 00 00 00 00  00 00 10 00 00"
 "00 00 00 00 00  00 00 00 00 00"
 "00 00 00 00 00  00 00 00 00 00"
 "00 00 00 00 00  00 00 00 00 00"
 "00 00 00 00 00  00 00 00 00 00"
 "00 00 00 00 00  00 00 00 00 00"
 "00 00 00 00 00  00 00 00 00 00"]
{:cmd :move-y :org [7 3] :dst 1}

25
["00 00 00 00 00  00 00 00 00 00"
 "00 0A 20 00 02  01 00 00 00 00"
 "00 00 00 00 00  01 00 00 00 00"
 "00 03 02 02 02  03 02 10 00 00"
 "00 01 00 00 00  01 00 00 00 00"
 "00 01 00 00 00  01 00 00 00 00"
 "00 02 02 02 02  00 00 00 00 00"
 "00 00 00 00 00  00 00 00 00 00"
 "00 00 00 00 00  00 00 00 00 00"
 "00 00 00 00 00  00 00 00 00 00"]
{:cmd :move-y :org [3 6] :dst 3}

25
["00 00 00 00 00  00 00 00 00 00"
 "00 0A 20 00 02  01 00 00 00 00"
 "00 00 00 00 00  01 00 00 00 00"
 "00 02 02 02 02  06 02 10 00 00"
 "00 00 00 00 00  00 00 00 00 00"
 "00 00 00 00 00  00 00 00 00 00"
 "00 00 00 00 00  00 00 00 00 00"
 "00 00 00 00 00  00 00 00 00 00"
 "00 00 00 00 00  00 00 00 00 00"
 "00 00 00 00 00  00 00 00 00 00"]
{:cmd :move-x :org [1 3] :dst 5}

25
["00 00 00 00 00  00 00 00 00 00"
 "00 0A 20 00 02  01 00 00 00 00"
 "00 00 00 00 00  01 00 00 00 00"
 "00 00 00 00 00  02 02 10 00 00"
 "00 00 00 00 00  00 00 00 00 00"
 "00 00 00 00 00  00 00 00 00 00"
 "00 00 00 00 00  00 00 00 00 00"
 "00 00 00 00 00  00 00 00 00 00"
 "00 00 00 00 00  00 00 00 00 00"
 "00 00 00 00 00  00 00 00 00 00"]
{:cmd :move-y :org [6 3] :dst 1}

25
["00 00 00 00 00  00 00 00 00 00"
 "00 0A 20 00 02  02 02 01 00 00"
 "00 00 00 00 00  00 00 01 00 00"
 "00 00 00 00 00  00 00 10 00 00"
 "00 00 00 00 00  00 00 00 00 00"
 "00 00 00 00 00  00 00 00 00 00"
 "00 00 00 00 00  00 00 00 00 00"
 "00 00 00 00 00  00 00 00 00 00"
 "00 00 00 00 00  00 00 00 00 00"
 "00 00 00 00 00  00 00 00 00 00"]
{:cmd :move-y :org [7 3] :dst 1}

26
["00 00 00 00 00  00 00 00 00 00"
 "00 0A 20 00 02  01 00 00 00 00"
 "00 00 00 00 00  01 00 00 00 00"
 "00 03 02 02 02  03 02 10 00 00"
 "00 01 00 00 00  01 00 00 00 00"
 "00 02 02 02 02  00 00 00 00 00"
 "00 00 00 00 00  00 00 00 00 00"
 "00 00 00 00 00  00 00 00 00 00"
 "00 00 00 00 00  00 00 00 00 00"
 "00 00 00 00 00  00 00 00 00 00"]
{:cmd :move-y :org [3 5] :dst 3}

26
["00 00 00 00 00  00 00 00 00 00"
 "00 0A 20 00 02  01 00 00 00 00"
 "00 00 00 00 00  01 00 00 00 00"
 "00 02 02 02 02  06 02 10 00 00"
 "00 00 00 00 00  00 00 00 00 00"
 "00 00 00 00 00  00 00 00 00 00"
 "00 00 00 00 00  00 00 00 00 00"
 "00 00 00 00 00  00 00 00 00 00"
 "00 00 00 00 00  00 00 00 00 00"
 "00 00 00 00 00  00 00 00 00 00"]
{:cmd :move-x :org [1 3] :dst 5}

26
["00 00 00 00 00  00 00 00 00 00"
 "00 0A 20 00 02  01 00 00 00 00"
 "00 00 00 00 00  01 00 00 00 00"
 "00 00 00 00 00  02 02 10 00 00"
 "00 00 00 00 00  00 00 00 00 00"
 "00 00 00 00 00  00 00 00 00 00"
 "00 00 00 00 00  00 00 00 00 00"
 "00 00 00 00 00  00 00 00 00 00"
 "00 00 00 00 00  00 00 00 00 00"
 "00 00 00 00 00  00 00 00 00 00"]
{:cmd :move-y :org [6 3] :dst 1}

26
["00 00 00 00 00  00 00 00 00 00"
 "00 0A 20 00 02  02 02 01 00 00"
 "00 00 00 00 00  00 00 01 00 00"
 "00 00 00 00 00  00 00 10 00 00"
 "00 00 00 00 00  00 00 00 00 00"
 "00 00 00 00 00  00 00 00 00 00"
 "00 00 00 00 00  00 00 00 00 00"
 "00 00 00 00 00  00 00 00 00 00"
 "00 00 00 00 00  00 00 00 00 00"
 "00 00 00 00 00  00 00 00 00 00"]
{:cmd :move-y :org [7 3] :dst 1}

27
["00 00 00 00 00  00 00 00 00 00"
 "00 00 00 00 00  00 00 00 00 00"
 "00 00 00 00 03  02 01 00 00 00"
 "00 00 00 00 01  00 01 00 00 00"
 "00 00 00 00 02  02 03 10 00 00"
 "00 00 00 00 00  00 01 00 00 00"
 "00 0A 02 20 00  02 00 00 00 00"
 "00 00 00 00 00  00 00 00 00 00"
 "00 00 00 00 00  00 00 00 00 00"
 "00 00 00 00 00  00 00 00 00 00"]
{:cmd :move-y :org [5 2] :dst 4}

27
["00 00 00 00 00  00 00 00 00 00"
 "00 00 00 00 00  00 00 00 00 00"
 "00 00 00 00 00  00 00 00 00 00"
 "00 00 00 00 00  00 00 00 00 00"
 "00 00 00 00 02  02 07 10 00 00"
 "00 00 00 00 00  00 01 00 00 00"
 "00 0A 02 20 00  02 00 00 00 00"
 "00 00 00 00 00  00 00 00 00 00"
 "00 00 00 00 00  00 00 00 00 00"
 "00 00 00 00 00  00 00 00 00 00"]
{:cmd :move-x :org [4 4] :dst 6}

27
["00 00 00 00 00  00 00 00 00 00"
 "00 00 00 00 00  00 00 00 00 00"
 "00 00 00 00 00  00 00 00 00 00"
 "00 00 00 00 00  00 00 00 00 00"
 "00 00 00 00 00  00 03 10 00 00"
 "00 00 00 00 00  00 01 00 00 00"
 "00 0A 02 20 00  02 00 00 00 00"
 "00 00 00 00 00  00 00 00 00 00"
 "00 00 00 00 00  00 00 00 00 00"
 "00 00 00 00 00  00 00 00 00 00"]
{:cmd :move-y :org [6 4] :dst 6}

27
["00 00 00 00 00  00 00 00 00 00"
 "00 00 00 00 00  00 00 00 00 00"
 "00 00 00 00 00  00 00 00 00 00"
 "00 00 00 00 00  00 00 00 00 00"
 "00 00 00 00 00  00 00 11 00 00"
 "00 00 00 00 00  00 00 01 00 00"
 "00 0A 02 20 00  02 02 00 00 00"
 "00 00 00 00 00  00 00 00 00 00"
 "00 00 00 00 00  00 00 00 00 00"
 "00 00 00 00 00  00 00 00 00 00"]
{:cmd :move-y :org [7 4] :dst 6}

28
["00 00 00 00 00  00 00 00 00 00"
 "00 00 00 00 03  02 01 00 00 00"
 "00 00 00 00 01  00 01 00 00 00"
 "00 00 00 00 01  00 01 00 00 00"
 "00 00 00 00 02  02 03 10 00 00"
 "00 00 00 00 00  00 01 00 00 00"
 "00 0A 02 20 00  02 00 00 00 00"
 "00 00 00 00 00  00 00 00 00 00"
 "00 00 00 00 00  00 00 00 00 00"
 "00 00 00 00 00  00 00 00 00 00"]
{:cmd :move-y :org [5 1] :dst 4}

28
["00 00 00 00 00  00 00 00 00 00"
 "00 00 00 00 00  00 00 00 00 00"
 "00 00 00 00 00  00 00 00 00 00"
 "00 00 00 00 00  00 00 00 00 00"
 "00 00 00 00 02  02 07 10 00 00"
 "00 00 00 00 00  00 01 00 00 00"
 "00 0A 02 20 00  02 00 00 00 00"
 "00 00 00 00 00  00 00 00 00 00"
 "00 00 00 00 00  00 00 00 00 00"
 "00 00 00 00 00  00 00 00 00 00"]
{:cmd :move-x :org [4 4] :dst 6}

28
["00 00 00 00 00  00 00 00 00 00"
 "00 00 00 00 00  00 00 00 00 00"
 "00 00 00 00 00  00 00 00 00 00"
 "00 00 00 00 00  00 00 00 00 00"
 "00 00 00 00 00  00 03 10 00 00"
 "00 00 00 00 00  00 01 00 00 00"
 "00 0A 02 20 00  02 00 00 00 00"
 "00 00 00 00 00  00 00 00 00 00"
 "00 00 00 00 00  00 00 00 00 00"
 "00 00 00 00 00  00 00 00 00 00"]
{:cmd :move-y :org [6 4] :dst 6}

28
["00 00 00 00 00  00 00 00 00 00"
 "00 00 00 00 00  00 00 00 00 00"
 "00 00 00 00 00  00 00 00 00 00"
 "00 00 00 00 00  00 00 00 00 00"
 "00 00 00 00 00  00 00 11 00 00"
 "00 00 00 00 00  00 00 01 00 00"
 "00 0A 02 20 00  02 02 00 00 00"
 "00 00 00 00 00  00 00 00 00 00"
 "00 00 00 00 00  00 00 00 00 00"
 "00 00 00 00 00  00 00 00 00 00"]
{:cmd :move-y :org [7 4] :dst 6}

29
["00 00 00 00 00  00 00 00 00 00"
 "00 00 00 03 02  02 01 00 00 00"
 "00 00 00 01 00  00 01 00 00 00"
 "00 00 00 01 00  00 01 00 00 00"
 "00 00 00 02 02  02 03 10 00 00"
 "00 00 00 00 00  00 01 00 00 00"
 "00 0A 02 20 00  02 00 00 00 00"
 "00 00 00 00 00  00 00 00 00 00"
 "00 00 00 00 00  00 00 00 00 00"
 "00 00 00 00 00  00 00 00 00 00"]
{:cmd :move-y :org [4 1] :dst 4}

29
["00 00 00 00 00  00 00 00 00 00"
 "00 00 00 00 00  00 00 00 00 00"
 "00 00 00 00 00  00 00 00 00 00"
 "00 00 00 00 00  00 00 00 00 00"
 "00 00 00 02 02  02 07 10 00 00"
 "00 00 00 00 00  00 01 00 00 00"
 "00 0A 02 20 00  02 00 00 00 00"
 "00 00 00 00 00  00 00 00 00 00"
 "00 00 00 00 00  00 00 00 00 00"
 "00 00 00 00 00  00 00 00 00 00"]
{:cmd :move-x :org [3 4] :dst 6}

29
["00 00 00 00 00  00 00 00 00 00"
 "00 00 00 00 00  00 00 00 00 00"
 "00 00 00 00 00  00 00 00 00 00"
 "00 00 00 00 00  00 00 00 00 00"
 "00 00 00 00 00  00 03 10 00 00"
 "00 00 00 00 00  00 01 00 00 00"
 "00 0A 02 20 00  02 00 00 00 00"
 "00 00 00 00 00  00 00 00 00 00"
 "00 00 00 00 00  00 00 00 00 00"
 "00 00 00 00 00  00 00 00 00 00"]
{:cmd :move-y :org [6 4] :dst 6}

29
["00 00 00 00 00  00 00 00 00 00"
 "00 00 00 00 00  00 00 00 00 00"
 "00 00 00 00 00  00 00 00 00 00"
 "00 00 00 00 00  00 00 00 00 00"
 "00 00 00 00 00  00 00 11 00 00"
 "00 00 00 00 00  00 00 01 00 00"
 "00 0A 02 20 00  02 02 00 00 00"
 "00 00 00 00 00  00 00 00 00 00"
 "00 00 00 00 00  00 00 00 00 00"
 "00 00 00 00 00  00 00 00 00 00"]
{:cmd :move-y :org [7 4] :dst 6}

30
["00 00 00 00 00  00 00 00 00 00"
 "00 00 00 00 00  00 00 00 00 00"
 "00 00 00 03 02  02 01 00 00 00"
 "00 00 00 01 00  00 01 00 00 00"
 "00 00 00 02 02  02 03 10 00 00"
 "00 00 00 00 00  00 01 00 00 00"
 "00 0A 02 20 00  02 00 00 00 00"
 "00 00 00 00 00  00 00 00 00 00"
 "00 00 00 00 00  00 00 00 00 00"
 "00 00 00 00 00  00 00 00 00 00"]
{:cmd :move-y :org [4 2] :dst 4}

30
["00 00 00 00 00  00 00 00 00 00"
 "00 00 00 00 00  00 00 00 00 00"
 "00 00 00 00 00  00 00 00 00 00"
 "00 00 00 00 00  00 00 00 00 00"
 "00 00 00 02 02  02 07 10 00 00"
 "00 00 00 00 00  00 01 00 00 00"
 "00 0A 02 20 00  02 00 00 00 00"
 "00 00 00 00 00  00 00 00 00 00"
 "00 00 00 00 00  00 00 00 00 00"
 "00 00 00 00 00  00 00 00 00 00"]
{:cmd :move-x :org [3 4] :dst 6}

30
["00 00 00 00 00  00 00 00 00 00"
 "00 00 00 00 00  00 00 00 00 00"
 "00 00 00 00 00  00 00 00 00 00"
 "00 00 00 00 00  00 00 00 00 00"
 "00 00 00 00 00  00 03 10 00 00"
 "00 00 00 00 00  00 01 00 00 00"
 "00 0A 02 20 00  02 00 00 00 00"
 "00 00 00 00 00  00 00 00 00 00"
 "00 00 00 00 00  00 00 00 00 00"
 "00 00 00 00 00  00 00 00 00 00"]
{:cmd :move-y :org [6 4] :dst 6}

30
["00 00 00 00 00  00 00 00 00 00"
 "00 00 00 00 00  00 00 00 00 00"
 "00 00 00 00 00  00 00 00 00 00"
 "00 00 00 00 00  00 00 00 00 00"
 "00 00 00 00 00  00 00 11 00 00"
 "00 00 00 00 00  00 00 01 00 00"
 "00 0A 02 20 00  02 02 00 00 00"
 "00 00 00 00 00  00 00 00 00 00"
 "00 00 00 00 00  00 00 00 00 00"
 "00 00 00 00 00  00 00 00 00 00"]
{:cmd :move-y :org [7 4] :dst 6}

31
["00 00 00 00 03  02 01 00 00 00"
 "00 00 00 00 01  00 01 00 00 00"
 "00 00 00 00 01  00 01 00 00 00"
 "00 00 00 00 01  00 01 00 00 00"
 "00 00 00 00 02  02 03 10 00 00"
 "00 00 00 00 00  00 01 00 00 00"
 "00 0A 02 20 00  02 00 00 00 00"
 "00 00 00 00 00  00 00 00 00 00"
 "00 00 00 00 00  00 00 00 00 00"
 "00 00 00 00 00  00 00 00 00 00"]
{:cmd :move-y :org [5 0] :dst 4}

31
["00 00 00 00 00  00 00 00 00 00"
 "00 00 00 00 00  00 00 00 00 00"
 "00 00 00 00 00  00 00 00 00 00"
 "00 00 00 00 00  00 00 00 00 00"
 "00 00 00 00 02  02 07 10 00 00"
 "00 00 00 00 00  00 01 00 00 00"
 "00 0A 02 20 00  02 00 00 00 00"
 "00 00 00 00 00  00 00 00 00 00"
 "00 00 00 00 00  00 00 00 00 00"
 "00 00 00 00 00  00 00 00 00 00"]
{:cmd :move-x :org [4 4] :dst 6}

31
["00 00 00 00 00  00 00 00 00 00"
 "00 00 00 00 00  00 00 00 00 00"
 "00 00 00 00 00  00 00 00 00 00"
 "00 00 00 00 00  00 00 00 00 00"
 "00 00 00 00 00  00 03 10 00 00"
 "00 00 00 00 00  00 01 00 00 00"
 "00 0A 02 20 00  02 00 00 00 00"
 "00 00 00 00 00  00 00 00 00 00"
 "00 00 00 00 00  00 00 00 00 00"
 "00 00 00 00 00  00 00 00 00 00"]
{:cmd :move-y :org [6 4] :dst 6}

31
["00 00 00 00 00  00 00 00 00 00"
 "00 00 00 00 00  00 00 00 00 00"
 "00 00 00 00 00  00 00 00 00 00"
 "00 00 00 00 00  00 00 00 00 00"
 "00 00 00 00 00  00 00 11 00 00"
 "00 00 00 00 00  00 00 01 00 00"
 "00 0A 02 20 00  02 02 00 00 00"
 "00 00 00 00 00  00 00 00 00 00"
 "00 00 00 00 00  00 00 00 00 00"
 "00 00 00 00 00  00 00 00 00 00"]
{:cmd :move-y :org [7 4] :dst 6}

32
["00 00 00 03 02  02 01 00 00 00"
 "00 00 00 01 00  00 01 00 00 00"
 "00 00 00 01 00  00 01 00 00 00"
 "00 00 00 01 00  00 01 00 00 00"
 "00 00 00 02 02  02 03 10 00 00"
 "00 00 00 00 00  00 01 00 00 00"
 "00 0A 02 20 00  02 00 00 00 00"
 "00 00 00 00 00  00 00 00 00 00"
 "00 00 00 00 00  00 00 00 00 00"
 "00 00 00 00 00  00 00 00 00 00"]
{:cmd :move-y :org [4 0] :dst 4}

32
["00 00 00 00 00  00 00 00 00 00"
 "00 00 00 00 00  00 00 00 00 00"
 "00 00 00 00 00  00 00 00 00 00"
 "00 00 00 00 00  00 00 00 00 00"
 "00 00 00 02 02  02 07 10 00 00"
 "00 00 00 00 00  00 01 00 00 00"
 "00 0A 02 20 00  02 00 00 00 00"
 "00 00 00 00 00  00 00 00 00 00"
 "00 00 00 00 00  00 00 00 00 00"
 "00 00 00 00 00  00 00 00 00 00"]
{:cmd :move-x :org [3 4] :dst 6}

32
["00 00 00 00 00  00 00 00 00 00"
 "00 00 00 00 00  00 00 00 00 00"
 "00 00 00 00 00  00 00 00 00 00"
 "00 00 00 00 00  00 00 00 00 00"
 "00 00 00 00 00  00 03 10 00 00"
 "00 00 00 00 00  00 01 00 00 00"
 "00 0A 02 20 00  02 00 00 00 00"
 "00 00 00 00 00  00 00 00 00 00"
 "00 00 00 00 00  00 00 00 00 00"
 "00 00 00 00 00  00 00 00 00 00"]
{:cmd :move-y :org [6 4] :dst 6}

32
["00 00 00 00 00  00 00 00 00 00"
 "00 00 00 00 00  00 00 00 00 00"
 "00 00 00 00 00  00 00 00 00 00"
 "00 00 00 00 00  00 00 00 00 00"
 "00 00 00 00 00  00 00 11 00 00"
 "00 00 00 00 00  00 00 01 00 00"
 "00 0A 02 20 00  02 02 00 00 00"
 "00 00 00 00 00  00 00 00 00 00"
 "00 00 00 00 00  00 00 00 00 00"
 "00 00 00 00 00  00 00 00 00 00"]
{:cmd :move-y :org [7 4] :dst 6}

33
["00 00 03 02 02  02 01 00 00 00"
 "00 00 01 00 00  00 01 00 00 00"
 "00 00 01 00 00  00 01 00 00 00"
 "00 00 01 00 00  00 01 00 00 00"
 "00 00 02 02 02  02 03 10 00 00"
 "00 00 00 00 00  00 01 00 00 00"
 "00 0A 02 20 00  02 00 00 00 00"
 "00 00 00 00 00  00 00 00 00 00"
 "00 00 00 00 00  00 00 00 00 00"
 "00 00 00 00 00  00 00 00 00 00"]
{:cmd :move-y :org [4 0] :dst 4}

33
["00 00 00 00 00  00 00 00 00 00"
 "00 00 00 00 00  00 00 00 00 00"
 "00 00 00 00 00  00 00 00 00 00"
 "00 00 00 00 00  00 00 00 00 00"
 "00 00 02 02 02  02 07 10 00 00"
 "00 00 00 00 00  00 01 00 00 00"
 "00 0A 02 20 00  02 00 00 00 00"
 "00 00 00 00 00  00 00 00 00 00"
 "00 00 00 00 00  00 00 00 00 00"
 "00 00 00 00 00  00 00 00 00 00"]
{:cmd :move-x :org [2 4] :dst 6}

33
["00 00 00 00 00  00 00 00 00 00"
 "00 00 00 00 00  00 00 00 00 00"
 "00 00 00 00 00  00 00 00 00 00"
 "00 00 00 00 00  00 00 00 00 00"
 "00 00 00 00 00  00 03 10 00 00"
 "00 00 00 00 00  00 01 00 00 00"
 "00 0A 02 20 00  02 00 00 00 00"
 "00 00 00 00 00  00 00 00 00 00"
 "00 00 00 00 00  00 00 00 00 00"
 "00 00 00 00 00  00 00 00 00 00"]
{:cmd :move-y :org [6 4] :dst 6}

33
["00 00 00 00 00  00 00 00 00 00"
 "00 00 00 00 00  00 00 00 00 00"
 "00 00 00 00 00  00 00 00 00 00"
 "00 00 00 00 00  00 00 00 00 00"
 "00 00 00 00 00  00 00 11 00 00"
 "00 00 00 00 00  00 00 01 00 00"
 "00 0A 02 20 00  02 01 00 00 00"
 "00 00 00 00 00  00 00 00 00 00"
 "00 00 00 00 00  00 00 00 00 00"
 "00 00 00 00 00  00 00 00 00 00"]
{:cmd :move-y :org [7 4] :dst 6}

34
["00 00 00 00 00  00 00 00 00 00"
 "00 00 03 02 02  02 01 00 00 00"
 "00 00 01 00 00  00 01 00 00 00"
 "00 00 01 00 00  00 01 00 00 00"
 "00 00 02 02 02  02 03 10 00 00"
 "00 00 00 00 00  00 01 00 00 00"
 "00 0A 02 20 00  02 00 00 00 00"
 "00 00 00 00 00  00 00 00 00 00"
 "00 00 00 00 00  00 00 00 00 00"
 "00 00 00 00 00  00 00 00 00 00"]
{:cmd :move-y :org [4 1] :dst 4}

34
["00 00 00 00 00  00 00 00 00 00"
 "00 00 00 00 00  00 00 00 00 00"
 "00 00 00 00 00  00 00 00 00 00"
 "00 00 00 00 00  00 00 00 00 00"
 "00 00 02 02 02  02 07 10 00 00"
 "00 00 00 00 00  00 01 00 00 00"
 "00 0A 02 20 00  02 00 00 00 00"
 "00 00 00 00 00  00 00 00 00 00"
 "00 00 00 00 00  00 00 00 00 00"
 "00 00 00 00 00  00 00 00 00 00"]
{:cmd :move-x :org [2 4] :dst 6}

34
["00 00 00 00 00  00 00 00 00 00"
 "00 00 00 00 00  00 00 00 00 00"
 "00 00 00 00 00  00 00 00 00 00"
 "00 00 00 00 00  00 00 00 00 00"
 "00 00 00 00 00  00 03 10 00 00"
 "00 00 00 00 00  00 01 00 00 00"
 "00 0A 02 20 00  02 00 00 00 00"
 "00 00 00 00 00  00 00 00 00 00"
 "00 00 00 00 00  00 00 00 00 00"
 "00 00 00 00 00  00 00 00 00 00"]
{:cmd :move-y :org [6 4] :dst 6}

34
["00 00 00 00 00  00 00 00 00 00"
 "00 00 00 00 00  00 00 00 00 00"
 "00 00 00 00 00  00 00 00 00 00"
 "00 00 00 00 00  00 00 00 00 00"
 "00 00 00 00 00  00 00 11 00 00"
 "00 00 00 00 00  00 00 01 00 00"
 "00 0A 02 20 00  02 01 00 00 00"
 "00 00 00 00 00  00 00 00 00 00"
 "00 00 00 00 00  00 00 00 00 00"
 "00 00 00 00 00  00 00 00 00 00"]
{:cmd :move-y :org [7 4] :dst 6}

35
["00 00 00 00 00  00 00 00 00 00"
 "00 00 00 00 00  00 00 00 00 00"
 "00 00 03 02 02  02 01 00 00 00"
 "00 00 01 00 00  00 01 00 00 00"
 "00 00 02 02 02  02 03 10 00 00"
 "00 00 00 00 00  00 01 00 00 00"
 "00 0A 02 20 00  02 00 00 00 00"
 "00 00 00 00 00  00 00 00 00 00"
 "00 00 00 00 00  00 00 00 00 00"
 "00 00 00 00 00  00 00 00 00 00"]
{:cmd :move-y :org [4 2] :dst 4}

35
["00 00 00 00 00  00 00 00 00 00"
 "00 00 00 00 00  00 00 00 00 00"
 "00 00 00 00 00  00 00 00 00 00"
 "00 00 00 00 00  00 00 00 00 00"
 "00 00 02 02 02  02 07 10 00 00"
 "00 00 00 00 00  00 01 00 00 00"
 "00 0A 02 20 00  02 00 00 00 00"
 "00 00 00 00 00  00 00 00 00 00"
 "00 00 00 00 00  00 00 00 00 00"
 "00 00 00 00 00  00 00 00 00 00"]
{:cmd :move-x :org [2 4] :dst 6}

35
["00 00 00 00 00  00 00 00 00 00"
 "00 00 00 00 00  00 00 00 00 00"
 "00 00 00 00 00  00 00 00 00 00"
 "00 00 00 00 00  00 00 00 00 00"
 "00 00 00 00 00  00 03 10 00 00"
 "00 00 00 00 00  00 01 00 00 00"
 "00 0A 02 20 00  02 00 00 00 00"
 "00 00 00 00 00  00 00 00 00 00"
 "00 00 00 00 00  00 00 00 00 00"
 "00 00 00 00 00  00 00 00 00 00"]
{:cmd :move-y :org [6 4] :dst 6}

35
["00 00 00 00 00  00 00 00 00 00"
 "00 00 00 00 00  00 00 00 00 00"
 "00 00 00 00 00  00 00 00 00 00"
 "00 00 00 00 00  00 00 00 00 00"
 "00 00 00 00 00  00 00 11 00 00"
 "00 00 00 00 00  00 00 01 00 00"
 "00 0A 02 20 00  02 01 00 00 00"
 "00 00 00 00 00  00 00 00 00 00"
 "00 00 00 00 00  00 00 00 00 00"
 "00 00 00 00 00  00 00 00 00 00"]
{:cmd :move-y :org [7 4] :dst 6}

