["00 00 00 00 00  00 00 00 00 00"
 "00 0A 02 01 00  00 00 00 00 00"
 "00 00 00 01 00  00 00 00 00 00"
 "00 00 00 02 20  00 02 01 00 00"
 "00 00 00 00 00  00 00 01 00 00"
 "00 00 00 00 00  00 00 02 10 00"
 "00 00 00 00 00  00 00 00 00 00"
 "00 00 00 00 00  00 00 00 00 00"
 "00 00 00 00 00  00 00 00 00 00"
 "00 00 00 00 00  00 00 00 00 00"]

["00 00 00 00 00  00 00 00 00 00"
 "00 09 00 00 00  00 00 00 00 00"
 "00 01 00 00 00  00 00 00 00 00"
 "00 02 02 02 20  00 02 01 00 00"
 "00 00 00 00 00  00 00 01 00 00"
 "00 00 00 00 00  00 00 02 10 00"
 "00 00 00 00 00  00 00 00 00 00"
 "00 00 00 00 00  00 00 00 00 00"
 "00 00 00 00 00  00 00 00 00 00"
 "00 00 00 00 00  00 00 00 00 00"]

["00 00 00 00 00  00 00 00 00 00"
 "00 09 00 00 00  00 00 00 00 00"
 "00 01 00 00 00  00 00 00 00 00"
 "00 02 02 02 20  00 02 02 01 00"
 "00 00 00 00 00  00 00 00 01 00"
 "00 00 00 00 00  00 00 00 10 00"
 "00 00 00 00 00  00 00 00 00 00"
 "00 00 00 00 00  00 00 00 00 00"
 "00 00 00 00 00  00 00 00 00 00"
 "00 00 00 00 00  00 00 00 00 00"]

["00 00 00 00 00  00 00 00 00 00"
 "00 00 00 00 00  00 00 00 00 00"
 "00 00 00 00 00  00 00 00 00 00"
 "00 0A 02 02 20  00 02 02 01 00"
 "00 00 00 00 00  00 00 00 01 00"
 "00 00 00 00 00  00 00 00 10 00"
 "00 00 00 00 00  00 00 00 00 00"
 "00 00 00 00 00  00 00 00 00 00"
 "00 00 00 00 00  00 00 00 00 00"
 "00 00 00 00 00  00 00 00 00 00"]

["00 00 00 00 00  00 00 00 00 00"
 "00 00 00 00 00  00 00 00 00 00"
 "00 00 00 00 00  00 00 00 00 00"
 "00 0A 02 02 20  00 02 02 10 00"
 "00 00 00 00 00  00 00 00 00 00"
 "00 00 00 00 00  00 00 00 00 00"
 "00 00 00 00 00  00 00 00 00 00"
 "00 00 00 00 00  00 00 00 00 00"
 "00 00 00 00 00  00 00 00 00 00"
 "00 00 00 00 00  00 00 00 00 00"]
