["00 00 00 00 00  00 00 00 00 00"
 "00 0A 02 01 00  00 00 00 00 00"
 "00 00 00 01 00  00 00 00 00 00"
 "00 03 02 03 20  00 02 01 00 00"
 "00 01 00 01 00  00 00 01 00 00"
 "00 01 00 01 00  03 02 03 10 00"
 "00 02 02 00 00  01 00 01 00 00"
 "00 00 00 00 00  02 02 00 00 00"
 "00 00 00 00 00  00 00 00 00 00"
 "00 00 00 00 00  00 00 00 00 00"]

["00 00 00 00 00  00 00 00 00 00"
 "00 09 00 00 00  00 00 00 00 00"
 "00 01 00 00 00  00 00 00 00 00"
 "00 07 02 07 20  00 02 01 00 00"
 "00 01 00 01 00  00 00 01 00 00"
 "00 01 00 01 00  03 02 03 10 00"
 "00 02 02 00 00  01 00 01 00 00"
 "00 00 00 00 00  02 02 00 00 00"
 "00 00 00 00 00  00 00 00 00 00"
 "00 00 00 00 00  00 00 00 00 00"]
