["00 00 00 00 00  00 00 00 00 00"
 "00 00 00 00 00  00 03 10 00 00"
 "00 00 00 00 00  00 01 00 00 00"
 "00 00 03 20 00  02 03 01 00 00"
 "00 00 01 00 00  00 01 01 00 00"
 "00 0A 03 02 01  00 01 01 00 00"
 "00 00 01 00 01  00 02 00 00 00"
 "00 00 01 00 01  00 00 00 00 00"
 "00 00 02 02 00  00 00 00 00 00"
 "00 00 00 00 00  00 00 00 00 00"]

["00 00 00 00 00  00 00 00 00 00"
 "00 00 00 00 00  00 03 10 00 00"
 "00 00 00 00 00  00 01 00 00 00"
 "00 00 03 20 00  02 06 00 00 00"
 "00 00 01 00 00  00 00 00 00 00"
 "00 0A 06 02 00  00 00 00 00 00"
 "00 00 00 00 00  00 00 00 00 00"
 "00 00 00 00 00  00 00 00 00 00"
 "00 00 00 00 00  00 00 00 00 00"
 "00 00 00 00 00  00 00 00 00 00"]
